0.000000 0 
0.200000 0 
0.400000 0 
0.600000 0 
0.800000 0 
1.000000 0 
1.200000 0 
1.400000 0 
1.600000 0 
1.800000 0 
2.000000 0 
2.200000 0 
2.400000 0 
2.600000 0 
2.800000 0 
3.000000 0 
3.200000 0 
3.400000 0 
3.600000 0 
3.800000 0 
4.000000 0 
4.200000 0 
4.400000 0 
4.600000 0 
4.800000 0 
5.000000 0 
5.200000 0 
5.400000 0 
5.600000 0 
5.800000 0 
6.000000 0 
6.200000 0 
6.400000 0 
6.600000 0 
6.800000 0 
7.000000 0 
7.200000 0 
7.400000 0 
7.600000 0 
7.800000 0 
8.000000 0 
8.200000 0 
8.400000 0 
8.600000 0 
8.800000 0 
9.000000 0 
9.200000 0 
9.400000 1 
9.600000 1 
9.800000 1 
10.000000 1 
10.200000 0 
10.400000 1 
10.600000 0 
10.800000 0 
11.000000 0 
11.200000 0 
11.400000 0 
11.600000 0 
11.800000 0 
12.000000 1 
12.200000 0 
12.400000 0 
12.600000 1 
12.800000 1 
13.000000 0 
13.200000 0 
13.400000 0 
13.600000 1 
13.800000 1 
14.000000 0 
14.200000 0 
14.400000 0 
14.600000 1 
14.800000 0 
15.000000 0 
15.200000 2 
15.400000 0 
15.600000 1 
15.800000 0 
16.000000 0 
16.200000 1 
16.400000 1 
16.600000 1 
16.800000 0 
17.000000 1 
17.200000 1 
17.400000 0 
17.600000 0 
17.800000 0 
18.000000 1 
18.200000 2 
18.400000 1 
18.600000 0 
18.800000 0 
19.000000 0 
19.200000 1 
19.400000 0 
19.600000 0 
19.800000 0 
20.000000 1 
