0.000000 0 
0.200000 3 
0.400000 2 
0.600000 7 
0.800000 13 
1.000000 19 
1.200000 22 
1.400000 41 
1.600000 30 
1.800000 38 
2.000000 46 
2.200000 49 
2.400000 61 
2.600000 49 
2.800000 60 
3.000000 67 
3.200000 63 
3.400000 49 
3.600000 70 
3.800000 67 
4.000000 66 
4.200000 66 
4.400000 82 
4.600000 61 
4.800000 54 
5.000000 48 
5.200000 66 
5.400000 64 
5.600000 59 
5.800000 67 
6.000000 68 
6.200000 71 
6.400000 53 
6.600000 60 
6.800000 58 
7.000000 54 
7.200000 46 
7.400000 53 
7.600000 49 
7.800000 48 
8.000000 55 
8.200000 40 
8.400000 44 
8.600000 45 
8.800000 50 
9.000000 38 
9.200000 45 
9.400000 55 
9.600000 41 
9.800000 35 
10.000000 37 
10.200000 26 
10.400000 36 
10.600000 28 
10.800000 32 
11.000000 26 
11.200000 32 
11.400000 35 
11.600000 23 
11.800000 21 
12.000000 25 
12.200000 31 
12.400000 31 
12.600000 29 
12.800000 34 
13.000000 30 
13.200000 29 
13.400000 22 
13.600000 22 
13.800000 29 
14.000000 23 
14.200000 22 
14.400000 19 
14.600000 25 
14.800000 20 
15.000000 15 
15.200000 11 
15.400000 13 
15.600000 16 
15.800000 10 
16.000000 13 
16.200000 15 
16.400000 21 
16.600000 9 
16.800000 6 
17.000000 11 
17.200000 10 
17.400000 13 
17.600000 18 
17.800000 20 
18.000000 12 
18.200000 16 
18.400000 14 
18.600000 15 
18.800000 16 
19.000000 18 
19.200000 11 
19.400000 9 
19.600000 17 
19.800000 8 
20.000000 13 
