0.000000 1 
0.200000 11 
0.400000 45 
0.600000 63 
0.800000 44 
1.000000 51 
1.200000 47 
1.400000 52 
1.600000 45 
1.800000 32 
2.000000 58 
2.200000 40 
2.400000 45 
2.600000 47 
2.800000 47 
3.000000 41 
3.200000 28 
3.400000 34 
3.600000 29 
3.800000 26 
4.000000 31 
4.200000 29 
4.400000 29 
4.600000 30 
4.800000 23 
5.000000 35 
5.200000 35 
5.400000 24 
5.600000 18 
5.800000 24 
6.000000 25 
6.200000 28 
6.400000 16 
6.600000 18 
6.800000 15 
7.000000 24 
7.200000 22 
7.400000 21 
7.600000 17 
7.800000 18 
8.000000 16 
8.200000 16 
8.400000 15 
8.600000 15 
8.800000 16 
9.000000 11 
9.200000 10 
9.400000 14 
9.600000 15 
9.800000 14 
10.000000 13 
10.200000 7 
10.400000 9 
10.600000 9 
10.800000 6 
11.000000 8 
11.200000 7 
11.400000 9 
11.600000 9 
11.800000 7 
12.000000 10 
12.200000 7 
12.400000 3 
12.600000 3 
12.800000 8 
13.000000 6 
13.200000 9 
13.400000 4 
13.600000 7 
13.800000 8 
14.000000 5 
14.200000 2 
14.400000 6 
14.600000 1 
14.800000 5 
15.000000 3 
15.200000 5 
15.400000 5 
15.600000 6 
15.800000 4 
16.000000 4 
16.200000 7 
16.400000 4 
16.600000 6 
16.800000 4 
17.000000 7 
17.200000 4 
17.400000 2 
17.600000 3 
17.800000 2 
18.000000 2 
18.200000 2 
18.400000 2 
18.600000 3 
18.800000 4 
19.000000 2 
19.200000 1 
19.400000 6 
19.600000 2 
19.800000 3 
20.000000 2 
