0.000000 0 
0.200000 2 
0.400000 3 
0.600000 4 
0.800000 9 
1.000000 10 
1.200000 8 
1.400000 13 
1.600000 16 
1.800000 10 
2.000000 22 
2.200000 19 
2.400000 16 
2.600000 14 
2.800000 13 
3.000000 9 
3.200000 15 
3.400000 15 
3.600000 10 
3.800000 6 
4.000000 10 
4.200000 11 
4.400000 11 
4.600000 5 
4.800000 8 
5.000000 8 
5.200000 5 
5.400000 8 
5.600000 1 
5.800000 7 
6.000000 1 
6.200000 6 
6.400000 8 
6.600000 1 
6.800000 4 
7.000000 4 
7.200000 2 
7.400000 5 
7.600000 2 
7.800000 1 
8.000000 5 
8.200000 3 
8.400000 3 
8.600000 0 
8.800000 9 
9.000000 2 
9.200000 1 
9.400000 3 
9.600000 1 
9.800000 3 
10.000000 7 
10.200000 3 
10.400000 2 
10.600000 4 
10.800000 0 
11.000000 2 
11.200000 1 
11.400000 2 
11.600000 5 
11.800000 3 
12.000000 3 
12.200000 4 
12.400000 1 
12.600000 0 
12.800000 1 
13.000000 1 
13.200000 0 
13.400000 1 
13.600000 1 
13.800000 1 
14.000000 2 
14.200000 2 
14.400000 0 
14.600000 1 
14.800000 2 
15.000000 1 
15.200000 0 
15.400000 0 
15.600000 1 
15.800000 1 
16.000000 0 
16.200000 0 
16.400000 0 
16.600000 2 
16.800000 0 
17.000000 0 
17.200000 2 
17.400000 0 
17.600000 0 
17.800000 0 
18.000000 0 
18.200000 0 
18.400000 0 
18.600000 0 
18.800000 1 
19.000000 2 
19.200000 0 
19.400000 4 
19.600000 0 
19.800000 1 
20.000000 1 
