0.000000 0 
0.200000 5 
0.400000 10 
0.600000 21 
0.800000 24 
1.000000 34 
1.200000 19 
1.400000 18 
1.600000 21 
1.800000 22 
2.000000 23 
2.200000 19 
2.400000 18 
2.600000 22 
2.800000 16 
3.000000 28 
3.200000 19 
3.400000 23 
3.600000 14 
3.800000 24 
4.000000 8 
4.200000 11 
4.400000 16 
4.600000 8 
4.800000 13 
5.000000 15 
5.200000 9 
5.400000 13 
5.600000 14 
5.800000 18 
6.000000 19 
6.200000 11 
6.400000 5 
6.600000 12 
6.800000 6 
7.000000 12 
7.200000 11 
7.400000 9 
7.600000 13 
7.800000 10 
8.000000 9 
8.200000 7 
8.400000 6 
8.600000 8 
8.800000 5 
9.000000 6 
9.200000 4 
9.400000 6 
9.600000 2 
9.800000 6 
10.000000 2 
10.200000 4 
10.400000 4 
10.600000 6 
10.800000 4 
11.000000 2 
11.200000 2 
11.400000 3 
11.600000 6 
11.800000 2 
12.000000 5 
12.200000 4 
12.400000 4 
12.600000 4 
12.800000 5 
13.000000 1 
13.200000 1 
13.400000 3 
13.600000 1 
13.800000 4 
14.000000 8 
14.200000 3 
14.400000 1 
14.600000 6 
14.800000 1 
15.000000 5 
15.200000 1 
15.400000 1 
15.600000 3 
15.800000 1 
16.000000 4 
16.200000 3 
16.400000 5 
16.600000 3 
16.800000 2 
17.000000 6 
17.200000 1 
17.400000 2 
17.600000 7 
17.800000 1 
18.000000 1 
18.200000 2 
18.400000 1 
18.600000 3 
18.800000 2 
19.000000 2 
19.200000 3 
19.400000 0 
19.600000 1 
19.800000 2 
20.000000 3 
