0.000000 0 
0.200000 0 
0.400000 0 
0.600000 0 
0.800000 0 
1.000000 1 
1.200000 2 
1.400000 3 
1.600000 6 
1.800000 3 
2.000000 4 
2.200000 5 
2.400000 8 
2.600000 8 
2.800000 9 
3.000000 6 
3.200000 8 
3.400000 9 
3.600000 14 
3.800000 9 
4.000000 12 
4.200000 8 
4.400000 10 
4.600000 9 
4.800000 10 
5.000000 11 
5.200000 10 
5.400000 19 
5.600000 14 
5.800000 7 
6.000000 8 
6.200000 8 
6.400000 8 
6.600000 6 
6.800000 9 
7.000000 7 
7.200000 7 
7.400000 15 
7.600000 9 
7.800000 12 
8.000000 6 
8.200000 8 
8.400000 5 
8.600000 7 
8.800000 4 
9.000000 7 
9.200000 5 
9.400000 3 
9.600000 5 
9.800000 9 
10.000000 7 
10.200000 7 
10.400000 6 
10.600000 11 
10.800000 8 
11.000000 8 
11.200000 4 
11.400000 6 
11.600000 9 
11.800000 5 
12.000000 2 
12.200000 2 
12.400000 2 
12.600000 3 
12.800000 0 
13.000000 1 
13.200000 2 
13.400000 6 
13.600000 2 
13.800000 2 
14.000000 3 
14.200000 3 
14.400000 3 
14.600000 4 
14.800000 2 
15.000000 3 
15.200000 7 
15.400000 2 
15.600000 5 
15.800000 2 
16.000000 4 
16.200000 3 
16.400000 5 
16.600000 5 
16.800000 8 
17.000000 2 
17.200000 1 
17.400000 0 
17.600000 2 
17.800000 5 
18.000000 1 
18.200000 4 
18.400000 2 
18.600000 3 
18.800000 3 
19.000000 2 
19.200000 3 
19.400000 3 
19.600000 2 
19.800000 1 
20.000000 0 
