0.000000 0 
0.200000 0 
0.400000 0 
0.600000 0 
0.800000 0 
1.000000 0 
1.200000 0 
1.400000 1 
1.600000 2 
1.800000 0 
2.000000 0 
2.200000 1 
2.400000 3 
2.600000 4 
2.800000 3 
3.000000 1 
3.200000 1 
3.400000 2 
3.600000 3 
3.800000 2 
4.000000 3 
4.200000 3 
4.400000 2 
4.600000 3 
4.800000 1 
5.000000 5 
5.200000 3 
5.400000 3 
5.600000 4 
5.800000 3 
6.000000 4 
6.200000 1 
6.400000 7 
6.600000 2 
6.800000 2 
7.000000 6 
7.200000 3 
7.400000 2 
7.600000 5 
7.800000 3 
8.000000 3 
8.200000 0 
8.400000 1 
8.600000 2 
8.800000 1 
9.000000 1 
9.200000 4 
9.400000 3 
9.600000 4 
9.800000 4 
10.000000 1 
10.200000 3 
10.400000 5 
10.600000 3 
10.800000 1 
11.000000 2 
11.200000 3 
11.400000 0 
11.600000 3 
11.800000 1 
12.000000 5 
12.200000 3 
12.400000 3 
12.600000 2 
12.800000 1 
13.000000 1 
13.200000 0 
13.400000 0 
13.600000 1 
13.800000 1 
14.000000 0 
14.200000 3 
14.400000 0 
14.600000 1 
14.800000 0 
15.000000 1 
15.200000 1 
15.400000 0 
15.600000 0 
15.800000 1 
16.000000 0 
16.200000 2 
16.400000 0 
16.600000 2 
16.800000 2 
17.000000 2 
17.200000 3 
17.400000 1 
17.600000 1 
17.800000 2 
18.000000 0 
18.200000 1 
18.400000 0 
18.600000 1 
18.800000 1 
19.000000 0 
19.200000 1 
19.400000 2 
19.600000 0 
19.800000 0 
20.000000 1 
